1.0000000000000000 137.6062398156427662 137.0821757788424122
2.0000000000000000 110.0734275303143477 109.6535556325469258
3.0000000000000000 88.0495641168403438 87.7130673547948589
4.0000000000000000 70.4323544237736883 70.1626109582143300
5.0000000000000000 56.3400717154102040 56.1237993451044943
6.0000000000000000 45.0674200829405436 44.8939975137497527
7.0000000000000000 36.0502295355400975 35.9111575083817485
8.0000000000000000 28.8372161730906100 28.7256892517536251
9.0000000000000000 23.0673935556486640 22.9779595165115573
10.0000000000000000 18.4520043307873038 18.3802929532489188
