TASMANIAN SG 4.0
WARNING: do not edit this manually
localpolynomial
2 1 1 2
localp
1 2 12 0 0 0 1 0 2 0 3 0 4 1 0 1 1 1 2 2 0 2 1 2 2 3 0
1  -1.35688679737730268e+02 -2.66177368585110230e+00 7.41494018956529999e-01 5.58913613752821448e-01 6.98537587929308756e-02 -2.66177368611485576e+00 -1.64136949755476280e+00 3.44903145402781774e-01 7.35074328271309696e-01 3.44903148788006320e-01 -5.21734202185086815e-02 5.58913613859857605e-01
0
0
1 0
0 4 5 6 6 6 9 9 9 11 11 11 11
5 8 1 2 3 4 11 6 7 9 10
1 12 1 -1.35688679737730268e+02 -1.38350453423581371e+02 -1.34947185718773738e+02 -1.36460652966902984e+02 -1.35248078969459073e+02 -1.38350453423845124e+02 -1.42653596607250989e+02 -1.37264056259485812e+02 -1.34953605409458959e+02 -1.37270475946522055e+02 -1.34264284810720937e+02 -1.36460652966927853e+02
custom
2.00000000000000011e-01 3.00000000000000000e+00
2.00000000000000011e-01 3.00000000000000000e+00
TASMANIAN SG end
