TASMANIAN SG 4.0
WARNING: do not edit this manually
localpolynomial
2 1 1 2
localp
1 2 12 0 0 0 1 0 2 0 3 0 4 1 0 1 1 1 2 2 0 2 1 2 2 3 0
1  -4.03586819449318853e+02 -1.34059778544548180e+00 4.00091802684016784e-01 2.50925556989898269e-01 3.73149553208236284e-02 -1.34059778557610798e+00 -7.21944828664902616e-01 1.88481312432827508e-01 3.87600410153424946e-01 1.88481317148614380e-01 -4.13928068704194629e-02 2.50925557038101488e-01
0
0
1 0
0 4 5 6 6 6 9 9 9 11 11 11 11
5 8 1 2 3 4 11 6 7 9 10
1 12 1 -4.03586819449318853e+02 -4.04927417234764334e+02 -4.03186727646634836e+02 -4.04006192785051724e+02 -4.03349458592655992e+02 -4.04927417234894961e+02 -4.06989959849005345e+02 -4.04338844119778116e+02 -4.03199219039165428e+02 -4.04351335507462295e+02 -4.02840520043351830e+02 -4.04006192785068833e+02
custom
2.00000000000000011e-01 3.00000000000000000e+00
2.00000000000000011e-01 3.00000000000000000e+00
TASMANIAN SG end
