TASMANIAN SG 4.0
WARNING: do not edit this manually
localpolynomial
2 1 1 2
localp
1 2 12 0 0 0 1 0 2 0 3 0 4 1 0 1 1 1 2 2 0 2 1 2 2 3 0
1  -5.69466112474848615e+02 -5.31523113449338780e-01 1.75337582487827603e-01 8.62604655022778388e-02 1.61258630599832031e-02 -5.31523113500497857e-01 -2.41490955655649486e-01 7.82248689113203000e-02 1.65693512372399709e-01 7.82248703555978864e-02 -2.31506268307839491e-02 8.62604655189898040e-02
0
0
1 0
0 4 5 6 6 6 9 9 9 11 11 11 11
5 8 1 2 3 4 11 6 7 9 10
1 12 1 -5.69466112474848615e+02 -5.69997635588297953e+02 -5.69290774892360787e+02 -5.69645613566071006e+02 -5.69362317820544718e+02 -5.69997635588349112e+02 -5.70770649657454101e+02 -5.69744073136949964e+02 -5.69300418962476215e+02 -5.69753717205569956e+02 -5.69148232006819171e+02 -5.69645613566079874e+02
custom
2.00000000000000011e-01 3.00000000000000000e+00
2.00000000000000011e-01 3.00000000000000000e+00
TASMANIAN SG end
