TASMANIAN SG 4.0
WARNING: do not edit this manually
localpolynomial
2 1 1 2
localp
1 2 12 0 0 0 1 0 2 0 3 0 4 1 0 1 1 1 2 2 0 2 1 2 2 3 0
1  -2.45493509849675149e+02 -2.11958678127956546e+00 6.03551860744431679e-01 4.27968127026502998e-01 5.66126648559475143e-02 -2.11958678148835133e+00 -1.24826150023432092e+00 2.83968363670140889e-01 5.93465416777348764e-01 2.83968372193214691e-01 -4.98321338848199957e-02 4.27968127108499630e-01
0
0
1 0
0 4 5 6 6 6 9 9 9 11 11 11 11
5 8 1 2 3 4 11 6 7 9 10
1 12 1 -2.45493509849675149e+02 -2.47613096630954715e+02 -2.44889957988930718e+02 -2.46125335113288429e+02 -2.45135121254446972e+02 -2.47613096631163501e+02 -2.50980944912677387e+02 -2.46725576406748928e+02 -2.44900044432897801e+02 -2.46735662841984151e+02 -2.44346324706038189e+02 -2.46125335113310825e+02
custom
2.00000000000000011e-01 3.00000000000000000e+00
2.00000000000000011e-01 3.00000000000000000e+00
TASMANIAN SG end
