TASMANIAN SG 4.0
WARNING: do not edit this manually
localpolynomial
2 1 1 2
localp
1 2 12 0 0 0 1 0 2 0 3 0 4 1 0 1 1 1 2 2 0 2 1 2 2 3 0
1  -5.04742569756814817e+02 -8.45290302044702457e-01 2.65079183121940787e-01 1.47122249473738975e-01 2.45834618301046248e-02 -8.45290302126272763e-01 -4.17544186916870785e-01 1.22423018515405602e-01 2.53444465738141389e-01 1.22423021124916431e-01 -3.17587723541805644e-02 1.47122249501990154e-01
0
0
1 0
0 4 5 6 6 6 9 9 9 11 11 11 11
5 8 1 2 3 4 11 6 7 9 10
1 12 1 -5.04742569756814817e+02 -5.05587860058859519e+02 -5.04477490573692876e+02 -5.05018092658363457e+02 -5.04585446703423713e+02 -5.05587860058941089e+02 -5.06850694547902663e+02 -5.05200357857303743e+02 -5.04489125291076675e+02 -5.05211992571996461e+02 -5.04255804880308915e+02 -5.05018092658375963e+02
custom
2.00000000000000011e-01 3.00000000000000000e+00
2.00000000000000011e-01 3.00000000000000000e+00
TASMANIAN SG end
