TASMANIAN SG 4.0
WARNING: do not edit this manually
localpolynomial
2 1 1 2
localp
1 2 12 0 0 0 1 0 2 0 3 0 4 1 0 1 1 1 2 2 0 2 1 2 2 3 0
1  -4.59787505584416238e+02 -1.06490238142771432e+00 3.25709664538749166e-01 1.92137275653635697e-01 3.02981895516722943e-02 -1.06490238153094197e+00 -5.49039039543629315e-01 1.52256508044615657e-01 3.13408548135555520e-01 1.52256511552650409e-01 -3.65381118683103523e-02 1.92137275690527076e-01
0
0
1 0
0 4 5 6 6 6 9 9 9 11 11 11 11
5 8 1 2 3 4 11 6 7 9 10
1 12 1 -4.59787505584416238e+02 -4.60852407965843952e+02 -4.59461795919877488e+02 -4.60127819499476459e+02 -4.59594352562595191e+02 -4.60852407965947179e+02 -4.62466349386918523e+02 -4.60374441793363815e+02 -4.59474097036280682e+02 -4.60386742906155746e+02 -4.59184925483610243e+02 -4.60127819499491181e+02
custom
2.00000000000000011e-01 3.00000000000000000e+00
2.00000000000000011e-01 3.00000000000000000e+00
TASMANIAN SG end
