TASMANIAN SG 4.0
WARNING: do not edit this manually
localpolynomial
2 1 1 2
localp
1 2 12 0 0 0 1 0 2 0 3 0 4 1 0 1 1 1 2 2 0 2 1 2 2 3 0
1  -5.40702129976633842e+02 -6.70508892222414943e-01 2.15644867381342920e-01 1.12653601370425349e-01 1.99244831896976393e-02 -6.70508892286989067e-01 -3.17542351494353170e-01 9.80354520929722639e-02 2.04943039926774873e-01 9.80354540342887049e-02 -2.72584184725701562e-02 1.12653601392139535e-01
0
0
1 0
0 4 5 6 6 6 9 9 9 11 11 11 11
5 8 1 2 3 4 11 6 7 9 10
1 12 1 -5.40702129976633842e+02 -5.41372638868856257e+02 -5.40486485109252499e+02 -5.40924730821374624e+02 -5.40574383059753472e+02 -5.41372638868920831e+02 -5.42360690112637599e+02 -5.41058958549446515e+02 -5.40497186936707067e+02 -5.41069660374895193e+02 -5.40308800487798294e+02 -5.40924730821385197e+02
custom
2.00000000000000011e-01 3.00000000000000000e+00
2.00000000000000011e-01 3.00000000000000000e+00
TASMANIAN SG end
