TASMANIAN SG 4.0
WARNING: do not edit this manually
localpolynomial
2 1 1 2
localp
1 2 12 0 0 0 1 0 2 0 3 0 4 1 0 1 1 1 2 2 0 2 1 2 2 3 0
1  -5.92474315123499196e+02 -4.21088970624396097e-01 1.42477213185316032e-01 6.60508646249127196e-02 1.30305774458747692e-02 -4.21088970664754925e-01 -1.83653869120234958e-01 6.22188950768531868e-02 1.33922244050381778e-01 6.22188961514211769e-02 -1.94868376877366245e-02 6.60508646377593323e-02
0
0
1 0
0 4 5 6 6 6 9 9 9 11 11 11 11
5 8 1 2 3 4 11 6 7 9 10
1 12 1 -5.92474315123499196e+02 -5.92895404094123592e+02 -5.92331837910313880e+02 -5.92618808744186481e+02 -5.92390045939460720e+02 -5.92895404094163951e+02 -5.93500146933908582e+02 -5.92690707985901781e+02 -5.92340392879448814e+02 -5.92699262953921789e+02 -5.92217402503951234e+02 -5.92618808744193871e+02
custom
2.00000000000000011e-01 3.00000000000000000e+00
2.00000000000000011e-01 3.00000000000000000e+00
TASMANIAN SG end
