TASMANIAN SG 4.0
WARNING: do not edit this manually
localpolynomial
2 1 1 2
localp
1 2 12 0 0 0 1 0 2 0 3 0 4 1 0 1 1 1 2 2 0 2 1 2 2 3 0
1  1.58198450061293761e+00 -3.33954437287793926e+00 9.11403527398483515e-01 7.29924513149278642e-01 8.64188990391328016e-02 -3.33954437321097330e+00 -2.15827679186165966e+00 4.15212432117002539e-01 9.11403527401092983e-01 4.15212428594446958e-01 -5.19709537582691006e-02 7.29924513289037513e-01
0
0
1 0
0 4 5 6 6 6 9 9 9 11 11 11 11
5 8 1 2 3 4 11 6 7 9 10
1 12 1 1.58198450061293761e+00 -1.75755987226500188e+00 2.49338802801142112e+00 6.42136827323246506e-01 2.12410516335131216e+00 -1.75755987259803592e+00 -7.25538103733763506e+00 -4.30943913082549701e-01 2.49338802801403059e+00 -4.30943916269461713e-01 3.35282060165424500e+00 6.42136827296488577e-01
custom
2.00000000000000011e-01 3.00000000000000000e+00
2.00000000000000011e-01 3.00000000000000000e+00
TASMANIAN SG end
