TASMANIAN SG 4.0
WARNING: do not edit this manually
localpolynomial
2 1 1 2
localp
1 2 12 0 0 0 1 0 2 0 3 0 4 1 0 1 1 1 2 2 0 2 1 2 2 3 0
1  -6.10878455483063362e+02 -3.33406215679588058e-01 1.15696358812442668e-01 5.05760847554483917e-02 1.05111954146650532e-02 -3.33406215711420373e-01 -1.39668764810039647e-01 4.93471745731994815e-02 1.08202153665615697e-01 4.93471753728726981e-02 -1.62771116235944646e-02 5.05760847654528334e-02
0
0
1 0
0 4 5 6 6 6 9 9 9 11 11 11 11
5 8 1 2 3 4 11 6 7 9 10
1 12 1 -6.10878455483063362e+02 -6.11211861698742950e+02 -6.10762759124250920e+02 -6.10994582506147708e+02 -6.10810096108242533e+02 -6.11211861698774783e+02 -6.11684936679264410e+02 -6.11046818165389141e+02 -6.10770253329397747e+02 -6.11054312369704462e+02 -6.10670834082208899e+02 -6.10994582506153620e+02
custom
2.00000000000000011e-01 3.00000000000000000e+00
2.00000000000000011e-01 3.00000000000000000e+00
TASMANIAN SG end
