TASMANIAN SG 4.0
WARNING: do not edit this manually
localpolynomial
2 1 1 2
localp
1 2 12 0 0 0 1 0 2 0 3 0 4 1 0 1 1 1 2 2 0 2 1 2 2 3 0
1  -3.33327619382702096e+02 -1.68636917152599608e+00 4.91392497273977824e-01 3.27701298686861264e-01 4.59492171855231391e-02 -1.68636917169123990e+00 -9.49302868272127398e-01 2.32075422279422128e-01 4.79492468751914203e-01 2.32075428619111790e-01 -4.59923894732128247e-02 3.27701298749730086e-01
0
0
1 0
0 4 5 6 6 6 9 9 9 11 11 11 11
5 8 1 2 3 4 11 6 7 9 10
1 12 1 -3.33327619382702096e+02 -3.35013988554228092e+02 -3.32836226885428118e+02 -3.33843102669778204e+02 -3.33035973916879584e+02 -3.35013988554393336e+02 -3.37649660594191459e+02 -3.34290520634839936e+02 -3.32848126913950182e+02 -3.34302420656857066e+02 -3.32402726806149417e+02 -3.33843102669797986e+02
custom
2.00000000000000011e-01 3.00000000000000000e+00
2.00000000000000011e-01 3.00000000000000000e+00
TASMANIAN SG end
